id	age	sex	region	income	married	children	car	save_act	current_act	mortgage	pep
ID12101	48	0	0	17546	0	1	0	0	0	0	1
ID12102	40	1	3	30085.1	1	3	1	0	1	1	0
ID12103	51	0	0	16575.4	1	0	1	1	1	0	0
ID12104	23	0	3	20375.4	1	3	0	0	1	0	0
ID12105	57	0	1	50576.3	1	0	0	1	0	0	0
ID12106	57	0	3	37869.6	1	2	0	1	1	0	1
ID12107	22	1	1	8877.07	0	0	0	0	1	0	1
ID12108	58	1	3	24946.6	1	0	1	1	1	0	0
ID12109	37	0	2	25304.3	1	2	1	0	0	0	0
ID12110	54	1	3	24212.1	1	2	1	1	1	0	0
ID12111	66	0	3	59803.9	1	0	0	1	1	0	0
ID12112	52	0	0	26658.8	0	0	1	1	1	1	0
ID12113	44	0	3	15735.8	1	1	0	1	1	1	1
ID12114	66	0	3	55204.7	1	1	1	1	1	1	1
ID12115	36	1	1	19474.6	1	0	0	1	1	1	0
ID12116	38	0	0	22342.1	1	0	1	1	1	1	0
ID12117	37	0	3	17729.8	1	2	0	0	0	1	0
ID12118	46	0	2	41016	1	0	0	1	0	1	0
ID12119	62	0	0	26909.2	1	0	0	1	0	0	1
ID12120	31	1	3	22522.8	1	0	1	1	1	0	0
ID12121	61	1	0	57880.7	1	2	0	1	0	0	1
ID12122	50	1	3	16497.3	1	2	0	1	1	0	0
ID12123	54	1	0	38446.6	1	0	0	1	1	0	0
ID12124	27	0	3	15538.8	0	0	1	1	1	1	0
ID12125	22	1	0	12640.3	0	2	1	1	1	0	0
ID12126	56	1	0	41034	1	0	1	1	1	1	0
ID12127	45	1	0	20809.7	1	0	0	1	1	1	0
ID12128	39	0	3	20114	1	1	0	0	1	0	1
ID12129	39	0	0	29359.1	0	3	1	0	1	1	0
ID12130	61	1	1	24270.1	1	1	0	0	1	0	1
ID12131	61	0	1	22942.9	1	2	0	1	1	0	0
ID12132	20	0	3	16325.8	1	2	0	1	0	0	0
ID12133	45	1	2	23443.2	1	1	1	1	1	0	1
ID12134	33	0	0	29921.3	0	3	1	1	0	0	0
ID12135	43	1	2	37521.9	0	0	0	1	1	0	1
ID12136	27	0	0	19868	1	2	0	1	1	0	0
ID12137	19	1	1	10953	1	3	1	1	1	0	0
ID12138	36	0	1	13381	0	0	1	0	1	0	1
ID12139	43	0	3	18504.3	1	0	1	1	1	0	0
ID12140	66	0	2	25391.5	0	2	0	0	1	0	0
ID12141	55	1	3	26774.2	1	0	0	0	1	1	1
ID12142	47	0	0	26952.6	1	0	1	0	1	0	0
ID12143	67	1	3	55716.5	0	2	1	1	0	0	1
ID12144	32	0	3	27571.5	1	0	1	0	1	1	0
ID12145	20	1	0	13740	0	2	1	1	1	1	0
ID12146	64	1	0	52670.6	1	2	0	1	1	1	1
ID12147	50	0	0	13283.9	0	1	1	1	1	0	1
ID12148	29	1	0	13106.6	0	2	0	1	1	1	1
ID12149	52	1	0	39547.8	0	2	1	0	1	0	1
ID12150	47	0	1	17867.3	1	2	1	1	0	0	0
ID12151	24	1	3	14309.7	0	2	1	1	0	0	0
ID12152	36	1	3	23894.8	1	0	0	0	0	0	0
ID12153	43	1	3	16259.7	1	1	0	1	1	0	1
ID12154	48	1	2	29794.1	0	1	0	1	1	0	1
ID12155	63	1	3	56842.5	1	0	0	1	1	1	0
ID12156	52	0	1	47835.8	0	3	0	1	0	0	1
ID12157	58	0	0	24977.5	0	0	0	0	1	0	1
ID12158	28	1	0	23124.9	1	0	0	1	1	0	1
ID12159	29	0	0	15143.8	1	0	0	0	1	0	0
ID12160	34	1	0	25334.3	0	1	1	1	1	1	1
ID12161	42	0	0	24763.3	1	1	0	1	1	1	1
ID12162	65	0	0	36589	0	1	1	0	1	0	1
ID12163	47	1	0	27022.6	1	2	0	1	1	0	0
ID12164	20	1	0	11700.4	1	0	0	1	0	0	0
ID12165	21	1	3	5014.21	0	0	1	1	1	1	0
ID12166	42	1	0	17390.1	1	0	0	1	1	0	0
ID12167	19	1	3	10861	0	2	0	1	1	0	0
ID12168	41	0	3	34892.9	0	0	0	1	1	1	0
ID12169	30	1	3	19403.1	0	2	0	1	1	0	0
ID12170	31	0	1	10441.9	1	2	0	0	1	0	1
ID12171	25	1	0	14064.9	1	3	1	1	1	0	0
ID12172	21	1	0	8062.73	0	0	0	0	1	0	1
ID12173	36	1	0	31982	1	3	1	1	1	1	1
ID12174	58	0	0	23197.5	1	2	0	1	0	1	0
ID12175	64	0	0	52674	0	2	1	1	1	0	1
ID12176	59	0	1	35610.5	0	2	1	0	0	0	1
ID12177	45	0	3	26948	0	0	0	1	1	1	0
ID12178	61	1	0	49456.7	1	1	1	1	1	1	1
ID12179	30	0	0	14724.5	1	0	1	0	1	0	0
ID12180	58	0	3	34524.9	1	2	1	1	0	0	1
ID12181	50	0	3	22052.1	0	3	0	1	1	0	1
ID12182	30	1	0	27808.1	0	3	0	0	1	0	0
ID12183	29	0	0	12591.4	1	1	0	1	1	0	0
ID12184	35	1	0	16394.4	1	1	0	1	1	0	1
ID12185	62	1	0	24026.1	1	0	0	0	1	1	1
ID12186	36	1	0	31683.1	1	1	1	1	1	0	1
ID12187	25	0	0	15525	1	0	0	1	1	0	0
ID12188	66	0	3	22562.2	0	0	1	1	1	1	0
ID12189	30	1	2	15848.7	1	0	1	1	0	1	0
ID12190	54	0	0	31095.6	1	2	0	0	1	0	1
ID12191	37	1	3	24814.5	1	1	1	0	1	1	1
ID12192	28	0	0	25429.3	0	2	0	1	1	1	0
ID12193	53	0	1	34866.5	0	0	0	0	1	0	1
ID12194	61	1	0	42579.1	1	2	1	1	1	0	0
ID12195	61	0	0	41127.4	1	0	1	1	0	0	0
ID12196	18	0	0	9990.11	1	0	0	1	1	0	0
ID12197	22	1	0	7948.62	1	1	0	0	0	1	0
ID12198	34	1	3	30870.8	1	2	1	1	1	1	1
ID12199	35	0	0	12125.8	0	2	0	1	1	0	0
ID12200	18	0	1	15348.9	1	0	1	0	1	0	0
ID12201	54	1	0	26707.9	1	1	0	1	1	1	1
ID12202	27	0	0	11604.4	1	2	1	1	1	0	0
ID12203	42	1	0	15499.9	1	0	1	0	1	1	1
ID12204	43	1	3	33088.5	0	0	0	1	1	1	0
ID12205	64	0	0	34513.6	1	1	0	1	1	0	1
ID12206	43	1	3	32395.5	1	3	1	1	1	0	0
ID12207	49	1	1	46633	1	0	1	1	0	0	0
ID12208	23	1	0	13039.9	1	0	0	0	1	0	0
ID12209	23	1	0	12681.9	0	0	0	1	1	0	1
ID12210	30	0	0	24031.5	1	2	1	1	1	1	0
ID12211	36	1	3	37330.5	0	2	0	1	1	0	1
ID12212	34	1	0	25333.2	1	3	1	0	0	1	0
ID12213	51	0	0	37094.2	1	0	1	0	1	0	0
ID12214	36	1	3	33630.6	0	2	1	1	1	0	1
ID12215	56	1	0	43228.2	1	1	1	1	1	0	1
ID12216	54	0	0	47796.8	1	0	0	1	1	0	0
ID12217	56	0	3	21730.3	1	2	0	1	0	0	0
ID12218	26	1	0	10044.1	1	3	0	1	1	1	0
ID12219	39	1	3	17270.1	0	0	1	0	0	0	1
ID12220	64	0	1	45765	1	3	1	1	1	0	1
ID12221	46	1	1	29525.5	0	2	0	1	0	1	0
ID12222	62	0	1	54863.8	1	1	1	1	1	0	1
ID12223	36	0	3	20799	1	1	0	1	0	1	1
ID12224	35	0	1	33028.3	0	1	0	1	1	0	1
ID12225	47	1	1	45031.9	0	3	1	1	0	0	1
ID12226	47	1	0	39010.8	1	2	0	0	1	0	1
ID12227	37	0	3	25257.7	1	0	1	1	1	0	0
ID12228	48	0	0	42603.9	1	0	0	1	1	0	0
ID12229	41	1	3	14092.7	1	3	1	1	1	0	0
ID12230	27	0	1	21350.3	0	0	1	1	1	0	1
ID12231	43	1	0	23246.4	0	2	0	0	1	0	0
ID12232	61	1	1	41609.5	1	3	0	1	1	1	0
ID12233	52	0	2	16716.1	0	2	1	1	1	0	0
ID12234	64	0	2	36436.4	1	0	1	0	1	0	0
ID12235	66	0	3	59503.8	1	2	1	1	1	1	1
ID12236	53	0	3	31334.8	1	1	1	1	1	0	1
ID12237	20	0	0	14048.9	1	2	1	0	1	1	0
ID12238	57	0	0	39205.3	0	0	0	1	1	0	1
ID12239	65	0	1	42173.9	1	0	0	1	1	0	0
ID12240	64	0	0	55263	0	1	0	1	1	0	1
ID12241	52	1	0	37095.2	1	3	0	1	1	0	0
ID12242	47	0	0	22791.4	1	0	0	0	1	0	0
ID12243	28	0	3	17240.6	1	1	1	0	0	1	0
ID12244	64	1	3	48974.8	1	0	1	1	1	1	0
ID12245	25	1	0	18923	1	1	0	1	1	0	1
ID12246	58	1	2	51204.2	1	0	0	1	0	1	1
ID12247	34	1	3	20236.2	1	2	1	0	1	0	0
ID12248	20	0	0	18860.3	0	2	0	1	1	0	0
ID12249	63	1	1	25732.5	1	0	1	1	0	0	0
ID12250	30	0	2	28240.4	1	3	1	1	1	0	0
ID12251	53	1	1	28193.6	1	1	1	1	1	0	1
ID12252	43	1	3	36432.8	0	2	1	0	1	0	1
ID12253	63	1	3	54618.8	1	2	0	1	0	1	1
ID12254	33	1	0	24760.8	1	1	0	1	1	1	1
ID12255	41	1	1	23356.1	0	2	1	0	0	0	0
ID12256	20	0	2	8143.75	1	2	0	1	1	0	1
ID12257	50	1	3	26462.5	1	0	1	1	1	0	0
ID12258	24	1	1	20467.3	1	2	1	1	1	0	0
ID12259	60	0	3	21506.2	1	0	0	0	1	0	1
ID12260	44	0	3	15315.3	1	1	0	1	1	0	1
ID12261	23	1	0	18875.7	1	2	1	1	1	0	0
ID12262	40	0	0	12977.2	1	0	0	0	0	0	0
ID12263	49	0	3	20708.5	0	3	0	0	1	0	0
ID12264	21	0	3	7549.38	0	1	1	0	1	0	0
ID12265	40	0	0	24904	1	0	0	0	0	0	0
ID12266	26	1	1	24071.8	1	1	0	0	1	1	1
ID12267	20	1	3	9589.91	0	1	0	1	1	1	0
ID12268	24	1	0	8562.86	0	1	0	0	0	1	0
ID12269	37	0	3	26707.5	0	0	1	1	1	0	0
ID12270	56	1	0	34020.5	1	0	0	0	1	0	0
ID12271	52	1	0	49175.7	1	0	1	1	1	0	0
ID12272	22	1	0	19726.3	1	2	0	0	1	0	0
ID12273	35	1	0	24346.6	1	3	1	1	1	0	0
ID12274	34	1	1	26999.4	1	1	1	1	1	0	1
ID12275	67	0	3	41558.1	1	2	0	1	1	0	1
ID12276	58	0	0	56340.3	0	0	0	1	1	0	1
ID12277	40	1	3	37558.5	1	0	1	1	1	0	0
ID12278	41	0	0	30099.3	1	0	1	1	1	1	1
ID12279	43	1	0	15254.8	1	0	0	0	0	0	1
ID12280	63	1	0	36086.1	1	2	0	0	1	0	1
ID12281	22	0	0	17655	1	1	0	1	1	1	1
ID12282	60	1	1	56658.9	0	0	0	1	1	0	1
ID12283	65	0	0	37706.5	0	0	1	1	1	1	0
ID12284	48	0	0	18516	1	2	1	1	1	1	0
ID12285	38	0	0	29622	0	0	1	1	0	1	0
ID12286	49	1	1	32669.9	1	1	1	1	1	1	1
ID12287	20	0	0	18275.5	1	0	0	0	0	1	1
ID12288	48	0	3	34410	1	1	0	0	1	0	1
ID12289	38	1	0	34866.9	1	2	1	0	1	1	0
ID12290	41	0	0	21796.6	1	0	0	0	1	0	0
ID12291	67	0	2	63130.1	1	2	1	1	1	0	1
ID12292	39	1	0	14996.4	1	1	1	1	0	0	0
ID12293	64	0	1	49024.9	1	3	0	1	1	0	1
ID12294	41	1	0	16249.8	1	0	1	0	1	1	1
ID12295	55	1	2	36192.1	1	2	1	0	1	0	1
ID12296	52	1	0	17839.9	1	1	0	1	0	1	1
ID12297	30	0	0	18802.4	0	0	0	0	1	1	1
ID12298	52	1	0	48720.3	1	2	1	1	1	0	1
ID12299	26	1	0	14585.9	0	2	0	0	1	1	0
ID12300	26	0	0	20819	1	0	0	1	1	0	1
ID12301	46	1	3	26077.8	1	1	1	1	1	0	1
ID12302	46	0	3	41627.1	1	0	0	1	1	1	0
ID12303	52	1	0	16977.3	1	0	0	0	1	0	0
ID12304	37	1	0	19012.8	0	3	1	0	1	0	0
ID12305	22	1	0	12764.8	1	1	0	1	1	1	1
ID12306	18	1	0	14388.6	0	0	1	0	1	1	1
ID12307	63	1	0	59409.1	0	0	1	1	1	0	1
ID12308	25	0	0	14960.2	1	0	0	1	1	1	0
ID12309	67	1	0	39666.6	1	0	1	1	1	0	0
ID12310	27	1	0	20771.9	0	0	0	1	0	0	1
ID12311	61	1	0	24474.1	0	0	1	0	0	0	1
ID12312	58	1	3	33123.7	1	1	1	1	1	0	1
ID12313	22	1	0	14433.4	1	0	1	1	1	0	1
ID12314	28	1	3	13175.5	0	1	0	0	1	0	1
ID12315	23	1	0	9824.37	1	0	0	1	1	0	0
ID12316	27	1	2	17610.3	1	0	0	1	1	0	0
ID12317	27	0	2	15156.2	1	0	1	0	1	0	0
ID12318	40	0	0	31774.1	1	3	1	1	1	1	0
ID12319	39	1	3	31693.5	0	0	1	1	0	0	1
ID12320	35	0	0	28598.7	1	0	1	1	1	0	0
ID12321	37	0	0	26261.7	0	2	1	0	0	0	0
ID12322	47	1	0	42124.1	1	2	0	1	1	0	1
ID12323	42	0	0	39308.7	1	1	0	1	1	0	1
ID12324	67	0	0	43530	1	0	0	1	1	1	0
ID12325	57	1	1	49874.4	1	3	0	1	1	0	1
ID12326	47	0	1	27434.8	0	0	1	1	1	0	1
ID12327	67	1	0	50474.6	1	2	1	1	1	0	1
ID12328	56	1	3	24888.2	0	0	0	1	1	0	1
ID12329	37	1	1	28021.6	0	0	1	0	1	1	1
ID12330	27	1	0	12279.5	0	0	1	0	0	0	1
ID12331	59	0	0	30189.4	1	0	1	0	1	1	1
ID12332	31	1	0	28969.4	0	1	0	0	1	1	0
ID12333	31	1	2	14058.5	1	0	0	0	1	1	1
ID12334	32	0	3	30404.3	1	0	1	1	1	0	0
ID12335	57	0	1	41438.2	0	3	0	1	0	0	0
ID12336	49	0	0	16711.3	0	1	0	1	1	1	1
ID12337	65	1	3	52255.9	0	2	1	1	1	0	1
ID12338	22	0	0	17866.9	1	2	0	1	1	1	0
ID12339	26	0	1	18067.5	1	2	0	1	0	0	0
ID12340	23	1	0	12823.7	1	0	1	1	1	0	0
ID12341	26	0	1	11299.3	1	2	1	0	0	0	0
ID12342	59	0	0	56031.1	0	0	1	1	1	0	1
ID12343	67	1	0	35263.5	1	1	1	1	1	0	1
ID12344	34	0	0	19968.1	1	0	1	1	1	0	0
ID12345	50	1	1	27825.5	1	2	1	1	0	0	0
ID12346	46	1	2	37773.9	0	0	1	1	1	1	0
ID12347	23	0	0	7606.25	0	3	1	0	0	0	0
ID12348	26	1	1	21384.4	1	0	0	0	1	0	0
ID12349	40	1	3	20347	1	3	0	1	1	0	0
ID12350	36	1	3	21332.3	1	3	1	0	1	0	0
ID12351	65	1	0	57671.7	0	0	0	1	1	1	0
ID12352	45	0	3	36057.8	1	1	1	1	1	1	1
ID12353	23	1	0	14290.5	1	2	0	0	1	1	0
ID12354	42	0	3	17882.9	1	1	0	0	0	0	1
ID12355	21	0	1	10629.1	0	3	0	1	1	1	0
ID12356	62	0	0	24262.8	0	0	1	0	1	0	1
ID12357	49	0	2	26097.9	0	2	0	1	1	0	0
ID12358	28	0	3	23371	1	2	0	0	1	1	0
ID12359	38	0	3	21495.6	0	3	0	0	1	1	0
ID12360	36	1	3	12166.9	0	0	0	0	0	0	0
ID12361	22	1	2	17180.2	1	0	0	1	1	0	0
ID12362	40	0	3	28882.3	1	1	0	1	1	1	1
ID12363	40	0	3	21612.2	1	0	0	0	1	0	0
ID12364	60	0	0	46358.4	1	0	1	1	1	1	0
ID12365	23	1	0	19166	0	0	1	1	0	0	1
ID12366	21	1	0	17921.8	1	1	1	0	0	0	1
ID12367	58	1	3	33229	0	0	1	1	1	0	1
ID12368	48	0	2	30396.1	0	0	0	1	1	0	1
ID12369	63	0	3	34625.2	1	0	1	0	1	0	0
ID12370	20	1	3	16672.8	0	3	1	0	1	1	0
ID12371	67	0	2	60747.5	0	2	0	1	1	1	1
ID12372	62	0	0	56394.3	0	0	1	1	1	0	1
ID12373	36	1	3	13236.4	1	0	0	1	1	0	0
ID12374	31	1	0	28409.4	1	1	1	0	1	0	1
ID12375	42	0	0	27056.5	1	0	1	1	1	0	0
ID12376	18	1	1	9362.58	1	0	1	0	1	1	1
ID12377	46	0	2	28702.7	0	1	0	1	1	1	1
ID12378	25	1	3	22366.1	1	1	1	1	1	0	1
ID12379	65	0	1	24477.5	0	0	0	1	0	1	0
ID12380	40	1	3	36972.4	1	1	0	0	1	1	1
ID12381	32	1	0	22327.8	1	1	0	0	0	0	1
ID12382	18	0	0	15610.2	1	0	0	1	1	0	0
ID12383	64	1	0	54314.5	1	1	1	1	0	0	1
ID12384	43	0	0	39175.8	1	3	0	1	1	1	0
ID12385	22	0	0	13739	1	3	0	1	1	0	0
ID12386	25	1	3	9485.84	1	0	0	0	0	0	0
ID12387	39	1	0	24675.7	1	1	1	1	1	1	1
ID12388	58	0	0	28253.6	1	3	0	0	1	0	0
ID12389	33	1	0	14136.5	1	1	0	1	0	0	0
ID12390	52	0	1	37162.1	1	1	1	1	1	0	1
ID12391	23	1	0	13519.2	0	0	0	1	1	0	1
ID12392	44	0	0	39253.6	0	0	1	1	0	0	1
ID12393	51	1	1	46323.8	1	2	1	1	1	1	1
ID12394	26	0	3	20950.7	1	0	0	1	1	0	0
ID12395	42	1	3	22495.7	1	0	0	1	0	1	0
ID12396	34	1	3	32548.9	1	0	1	1	1	1	0
ID12397	54	0	1	24583.4	0	2	1	1	1	1	0
ID12398	18	1	1	8639.24	1	2	0	0	0	0	0
ID12399	47	0	0	17139.5	0	2	1	0	1	0	0
ID12400	24	0	0	13667.7	1	0	0	1	1	0	0
ID12401	19	0	0	8162.42	1	1	1	1	1	1	0
ID12402	37	0	3	15349.6	1	0	0	1	0	0	0
ID12403	45	0	3	29231.4	1	0	0	1	0	0	0
ID12404	49	1	1	41462.3	1	3	0	1	1	1	0
ID12405	67	0	1	57398.1	0	3	0	1	1	0	1
ID12406	35	0	1	11520.8	1	0	0	0	1	0	0
ID12407	63	1	0	52117.3	0	2	1	1	1	0	1
ID12408	38	1	1	26281.4	0	0	1	1	1	0	1
ID12409	48	1	3	25683.4	0	2	1	1	1	0	0
ID12410	28	0	0	11920.7	0	1	0	1	1	0	0
ID12411	46	1	3	30658.7	1	0	0	1	1	0	0
ID12412	66	1	0	36646.4	0	1	0	1	1	0	1
ID12413	61	0	3	30760.4	0	2	1	0	1	0	1
ID12414	18	0	1	16109.9	0	2	1	1	1	0	0
ID12415	54	0	3	18036.7	1	0	1	1	0	0	0
ID12416	45	1	1	42628.3	0	0	1	1	1	1	0
ID12417	60	1	0	22110.1	0	2	1	1	1	0	0
ID12418	45	0	3	37689.1	0	1	0	1	1	1	1
ID12419	31	0	0	23171.8	0	2	0	1	0	0	0
ID12420	39	1	2	21951.3	0	0	1	1	1	1	0
ID12421	53	1	0	38103.4	0	2	1	1	1	0	1
ID12422	35	1	1	22882.9	1	0	1	0	0	1	1
ID12423	25	0	3	11043.7	1	1	1	1	0	1	0
ID12424	32	1	3	24027.6	0	0	0	1	1	0	1
ID12425	36	1	2	28495.1	1	0	0	1	1	0	0
ID12426	24	0	3	9465.21	0	0	0	0	1	0	1
ID12427	39	1	0	34852.3	1	1	0	1	0	1	1
ID12428	24	1	0	21268.4	1	0	0	0	1	1	1
ID12429	57	0	1	50849.2	0	1	0	1	0	1	1
ID12430	27	0	3	18555.9	1	3	0	0	1	0	0
ID12431	66	0	1	52769.9	1	3	1	1	1	0	1
ID12432	18	0	0	11601.4	1	2	0	1	1	1	0
ID12433	33	0	3	29541.7	1	0	0	1	0	0	0
ID12434	48	1	2	17861	1	2	0	1	1	0	0
ID12435	23	0	2	21042	1	1	0	0	1	0	1
ID12436	44	1	3	26688.1	1	1	0	1	0	1	1
ID12437	39	1	0	26900.6	1	2	0	0	0	1	0
ID12438	65	1	0	38080.9	1	1	1	1	0	1	0
ID12439	60	1	2	37554.1	1	2	1	1	1	1	1
ID12440	20	1	0	18184.6	1	0	0	0	1	1	1
ID12441	45	0	2	28864.9	1	0	0	1	1	0	0
ID12442	66	1	1	48346.1	1	1	1	1	0	0	1
ID12443	64	1	0	53104.3	1	0	1	1	1	0	0
ID12444	51	0	0	19416.8	1	0	0	1	1	0	0
ID12445	34	1	1	23638.1	1	2	1	1	1	0	0
ID12446	65	0	3	42378.2	1	1	0	1	1	0	1
ID12447	50	1	1	39745.3	1	0	1	1	0	1	0
ID12448	66	0	0	45189.8	1	0	0	1	0	0	0
ID12449	63	1	0	37930.9	1	0	0	1	0	1	0
ID12450	53	0	0	24042	0	1	0	0	1	0	1
ID12451	33	0	0	31207.1	0	0	1	0	1	1	1
ID12452	38	1	3	24424.3	1	0	0	1	1	1	0
ID12453	56	0	1	24607.8	0	1	0	1	1	1	0
ID12454	48	1	3	43057	0	1	1	1	1	0	1
ID12455	49	0	2	30198.5	1	0	1	0	1	1	1
ID12456	54	0	1	50186.1	1	2	0	1	1	1	1
ID12457	41	0	2	22916.1	1	0	0	0	1	0	0
ID12458	19	1	1	9592.73	0	0	0	1	1	0	1
ID12459	52	0	0	34253.6	0	3	1	0	1	0	0
ID12460	52	0	0	22792.3	1	1	1	1	0	0	1
ID12461	64	0	3	51620.8	0	2	1	1	1	0	1
ID12462	56	1	3	19918.9	1	3	0	1	1	1	0
ID12463	56	1	3	29625.1	1	2	0	0	1	0	0
ID12464	19	0	3	12549	1	0	0	1	1	0	0
ID12465	56	0	3	51299.3	1	1	1	1	0	0	1
ID12466	27	1	0	17364.8	1	2	1	1	0	0	1
ID12467	59	0	0	29866.9	0	1	1	0	1	0	1
ID12468	56	1	0	47750.2	1	0	1	1	1	1	0
ID12469	21	1	3	11281.5	1	0	0	1	1	1	0
ID12470	64	1	0	34073.8	1	3	0	1	0	1	0
ID12471	62	1	0	46870.4	1	0	0	1	1	0	0
ID12472	44	0	0	38453.7	0	2	0	1	1	0	1
ID12473	24	0	0	7756.36	0	0	0	0	0	0	1
ID12474	52	0	0	28413.8	1	0	0	0	1	0	0
ID12475	67	0	2	47198.6	1	2	0	1	1	0	1
ID12476	41	1	0	20866.3	1	0	1	1	1	0	0
ID12477	58	0	3	33204.3	0	1	0	0	0	1	1
ID12478	40	1	0	24823.5	0	2	0	0	1	0	0
ID12479	19	1	2	17986.8	1	0	0	0	1	1	1
ID12480	20	0	0	9909.82	1	3	0	0	1	0	0
ID12481	56	0	3	26542.8	0	0	1	1	1	0	1
ID12482	46	0	0	32583.5	1	2	1	1	1	0	0
ID12483	30	1	0	14606.6	1	1	0	0	1	0	0
ID12484	40	0	3	34836.8	1	1	1	1	1	0	1
ID12485	36	0	3	26920.8	1	0	0	0	1	0	0
ID12486	57	0	0	38248.3	0	3	1	0	1	1	0
ID12487	49	1	0	15689.1	0	0	0	0	1	0	0
ID12488	61	1	0	30157.7	0	1	1	0	0	0	1
ID12489	29	1	0	14642.2	0	0	1	0	1	0	1
ID12490	48	0	0	15933.3	1	0	0	1	0	0	0
ID12491	56	0	0	44288.3	1	0	0	1	1	0	0
ID12492	40	1	3	22197.1	0	0	1	0	1	0	1
ID12493	58	0	3	38248.3	1	3	1	1	0	0	0
ID12494	60	0	0	22053.2	1	2	1	1	0	1	0
ID12495	58	0	2	25468.5	0	0	1	0	0	1	1
ID12496	67	0	3	23485.9	1	3	1	0	0	1	0
ID12497	40	1	1	25768.6	1	0	1	1	0	0	0
ID12498	48	1	0	34182.2	1	2	0	1	1	0	1
ID12499	64	0	0	57444.5	0	1	0	1	1	0	1
ID12500	43	1	3	38059.8	1	0	1	1	0	1	0
ID12501	34	0	1	19481.3	0	0	0	0	1	1	1
ID12502	26	1	1	19563.8	0	3	1	0	0	1	0
ID12503	48	1	0	38598.4	1	0	1	0	1	0	0
ID12504	35	1	0	20754.3	0	0	0	0	0	1	1
ID12505	24	0	0	13864.6	1	3	0	1	1	0	1
ID12506	47	1	2	36599	1	3	1	1	1	0	1
ID12507	52	1	2	45856.1	0	1	0	1	1	0	1
ID12508	31	1	2	22362.3	0	0	0	1	1	0	1
ID12509	41	0	2	21984	1	1	1	0	0	0	1
ID12510	23	1	2	11073	1	2	0	1	0	0	0
ID12511	27	0	0	18158.5	0	1	1	0	1	1	1
ID12512	22	1	0	7304.2	0	0	1	1	1	1	0
ID12513	67	0	0	58092	0	2	1	1	1	0	1
ID12514	26	0	0	16518.6	1	0	1	0	1	0	1
ID12515	58	0	2	46461.5	1	0	0	1	1	0	0
ID12516	27	1	1	20058.7	1	0	0	1	1	1	0
ID12517	36	1	0	12533.2	0	1	0	1	0	1	0
ID12518	31	1	1	22848.5	1	1	1	0	0	0	1
ID12519	28	0	3	25699.4	1	2	1	1	0	0	1
ID12520	57	1	3	21612.6	1	0	0	1	1	1	0
ID12521	64	1	0	48950.9	1	0	1	1	1	1	0
ID12522	49	1	0	41438	0	1	0	1	0	0	1
ID12523	22	1	0	11411	1	1	1	0	1	0	0
ID12524	58	0	0	43940.6	1	0	1	1	1	0	0
ID12525	20	1	3	17239.5	0	1	1	0	1	0	1
ID12526	44	0	1	30488.7	1	0	0	1	1	0	0
ID12527	65	0	3	29866.3	1	3	0	1	0	0	0
ID12528	53	0	0	32184.4	1	2	1	0	0	0	1
ID12529	34	0	0	17308.7	1	1	1	0	1	1	1
ID12530	35	1	1	27863.9	0	2	0	1	1	1	0
ID12531	48	1	3	28920.6	1	0	0	1	0	1	0
ID12532	64	0	3	58367.3	1	1	1	1	1	0	1
ID12533	46	1	3	16849.3	0	0	1	1	1	1	0
ID12534	42	0	1	28138.5	1	0	0	0	1	1	1
ID12535	47	1	0	23038.2	1	0	1	1	0	0	0
ID12536	23	1	3	11736.9	0	2	1	1	1	1	0
ID12537	35	1	0	16479.5	1	0	1	0	0	1	1
ID12538	64	0	0	31415.7	0	1	1	1	0	1	1
ID12539	18	0	2	12117.3	1	1	0	0	1	0	0
ID12540	19	1	0	15417.1	1	1	1	0	1	0	0
ID12541	40	1	0	29414.6	1	1	0	1	0	1	1
ID12542	47	1	0	44682.1	1	0	1	1	1	0	0
ID12543	43	0	1	36281	1	0	1	1	1	0	0
ID12544	38	1	3	33302.8	0	0	1	0	1	1	1
ID12545	21	0	1	15797.1	1	0	0	1	1	0	1
ID12546	40	1	1	31864.8	1	0	1	1	1	0	0
ID12547	52	0	3	43719.5	1	0	0	1	1	0	0
ID12548	35	0	3	30799.5	1	2	0	0	1	0	1
ID12549	53	1	1	48971.6	1	3	1	1	0	0	1
ID12550	38	0	1	34061.4	0	0	1	1	1	0	1
ID12551	42	1	0	28938.6	1	3	1	0	0	0	0
ID12552	43	1	3	38540	0	0	1	1	0	1	0
ID12553	59	0	0	27045.1	0	0	0	0	1	0	1
ID12554	59	0	1	51284.3	0	0	1	1	1	1	0
ID12555	24	1	0	16352.2	0	0	0	1	1	1	0
ID12556	27	0	0	11866.4	1	0	1	1	1	0	0
ID12557	32	0	3	13267.6	1	0	1	1	1	1	0
ID12558	65	0	0	61554.6	1	0	0	1	1	0	0
ID12559	18	1	2	13700.2	0	1	0	1	1	0	0
ID12560	66	1	3	46963.9	1	1	0	1	1	0	1
ID12561	41	1	0	23475.6	1	0	1	0	1	1	1
ID12562	64	0	2	24554.1	1	0	1	1	0	1	0
ID12563	23	0	0	18050	1	0	1	0	1	1	1
ID12564	29	0	1	15237.6	1	2	1	0	1	0	0
ID12565	28	1	3	20555	0	0	1	1	1	0	1
ID12566	57	0	3	28421.7	1	2	1	1	1	1	0
ID12567	38	1	0	21876.5	1	0	0	0	1	0	0
ID12568	34	0	2	12810.2	0	3	0	1	1	0	1
ID12569	43	1	2	15109.4	1	0	0	0	1	0	1
ID12570	63	1	3	37414.7	0	3	1	1	1	0	0
ID12571	62	0	0	41521.6	1	0	0	1	1	1	0
ID12572	51	0	0	25372.8	1	0	1	1	1	0	0
ID12573	61	1	0	21139.8	1	2	1	1	0	0	0
ID12574	41	0	3	27757.6	0	0	0	1	1	0	1
ID12575	31	0	3	22678.1	0	1	1	1	1	1	1
ID12576	33	0	3	12178.5	1	2	0	1	1	1	0
ID12577	43	1	1	26106.7	0	1	0	0	1	0	1
ID12578	40	1	0	27417.6	1	0	0	1	1	1	0
ID12579	47	1	3	23337.2	1	2	0	1	1	1	0
ID12580	46	1	3	43395.5	0	1	1	1	1	0	1
ID12581	30	1	1	11536.2	1	2	0	0	1	1	0
ID12582	47	1	0	44658.6	0	2	1	1	1	0	1
ID12583	44	1	1	32762.5	0	0	0	1	1	1	0
ID12584	23	1	1	16403.8	1	0	1	1	0	0	0
ID12585	28	0	0	21184.7	1	1	1	1	1	0	1
ID12586	64	0	0	49917.3	1	0	1	1	1	1	0
ID12587	35	0	3	21623.8	1	0	0	1	0	1	0
ID12588	19	1	1	16625.9	1	1	0	0	1	0	1
ID12589	27	0	3	14014.5	1	3	0	1	0	0	0
ID12590	27	1	0	20409.3	1	2	0	1	0	0	1
ID12591	58	0	0	31671.3	1	1	1	1	0	1	1
ID12592	46	0	3	17149.2	0	1	1	1	1	0	1
ID12593	61	0	3	27756.3	1	0	1	1	0	1	1
ID12594	59	1	0	40949.9	0	0	0	1	1	0	1
ID12595	47	0	1	43743.2	1	3	0	1	1	0	0
ID12596	44	1	0	38459.9	1	0	0	0	0	1	1
ID12597	50	1	3	40972.9	0	2	1	1	1	1	1
ID12598	64	1	0	46587.9	0	0	0	1	1	0	1
ID12599	51	0	3	43799.6	0	0	0	1	1	1	0
